# Created by Octave 6.4.0, Mon Mar 14 22:16:01 2022 GMT <unknown@DESKTOP-UF2D8BD>
# name: trainedNetwork
# type: cell
# rows: 1
# columns: 2
# name: <cell-element>
# type: matrix
# rows: 4
# columns: 4
 7.0563555701449934 -20.674681131970374 -11.076687888443921 1.1595662314961255
 -15.884413652478111 21.307818510923067 4.3434450113818253 -0.51237728583910414
 7.1974519593179975 -10.206109580565654 11.503496345488438 -6.2983474986192265
 0.38404184579849243 -0.015242457389831543 0.21814388036727905 -0.32739226520061493



# name: <cell-element>
# type: matrix
# rows: 1
# columns: 4
 -7.5839749179315294 -7.2160968321211669 -6.8886429488476155 3.558637506247968





# name: networkStructure
# type: matrix
# rows: 1
# columns: 3
 3 3 1


# name: nnParams
# type: cell
# rows: 1
# columns: 2
# name: <cell-element>
# type: matrix
# rows: 3
# columns: 4
 7.0563555701449934 -20.674681131970374 -11.076687888443921 1.1595662314961255
 -15.884413652478111 21.307818510923067 4.3434450113818253 -0.51237728583910414
 7.1974519593179975 -10.206109580565654 11.503496345488438 -6.2983474986192265



# name: <cell-element>
# type: matrix
# rows: 1
# columns: 4
 -7.5839749179315294 -7.2160968321211669 -6.8886429488476155 3.558637506247968





